	RemoveBuildingForPlayer(playerid, 3695, 2239.9297, -1790.6953, 17.0078, 0.25);
	RemoveBuildingForPlayer(playerid, 3695, 2282.9922, -1790.6953, 17.0078, 0.25);
	RemoveBuildingForPlayer(playerid, 3695, 2314.8203, -1790.6953, 17.0078, 0.25);
	RemoveBuildingForPlayer(playerid, 3695, 2352.7188, -1790.6953, 17.0078, 0.25);
	RemoveBuildingForPlayer(playerid, 3695, 2387.8203, -1790.6953, 17.0078, 0.25);
	RemoveBuildingForPlayer(playerid, 1408, 2229.0469, -1810.0313, 13.1563, 0.25);
	RemoveBuildingForPlayer(playerid, 1408, 2226.1641, -1807.3281, 13.1563, 0.25);
	RemoveBuildingForPlayer(playerid, 1408, 2226.1641, -1801.8672, 13.1563, 0.25);
	RemoveBuildingForPlayer(playerid, 620, 2230.4141, -1815.1484, 11.3438, 0.25);
	RemoveBuildingForPlayer(playerid, 620, 2234.4844, -1817.9297, 12.0938, 0.25);
	RemoveBuildingForPlayer(playerid, 1408, 2226.1641, -1791.0000, 13.1563, 0.25);
	RemoveBuildingForPlayer(playerid, 1408, 2226.1641, -1796.4531, 13.1563, 0.25);
	RemoveBuildingForPlayer(playerid, 3584, 2239.9297, -1790.6953, 17.0078, 0.25);
	RemoveBuildingForPlayer(playerid, 1408, 2226.1641, -1775.5078, 13.1563, 0.25);
	RemoveBuildingForPlayer(playerid, 1408, 2226.1641, -1780.9844, 13.1563, 0.25);
	RemoveBuildingForPlayer(playerid, 1408, 2228.6719, -1767.2734, 13.1563, 0.25);
	RemoveBuildingForPlayer(playerid, 1408, 2226.1641, -1770.0469, 13.1563, 0.25);
	RemoveBuildingForPlayer(playerid, 1307, 2232.5156, -1766.0547, 12.7500, 0.25);
	RemoveBuildingForPlayer(playerid, 1307, 2249.8672, -1815.4141, 12.7500, 0.25);
	RemoveBuildingForPlayer(playerid, 669, 2254.7266, -1827.4375, 12.5625, 0.25);
	RemoveBuildingForPlayer(playerid, 1226, 2259.9453, -1796.0703, 16.4219, 0.25);
	RemoveBuildingForPlayer(playerid, 620, 2258.3438, -1804.7422, 12.0938, 0.25);
	RemoveBuildingForPlayer(playerid, 645, 2259.2656, -1773.2422, 11.1250, 0.25);
	RemoveBuildingForPlayer(playerid, 17886, 2264.0391, -1789.2578, 20.7734, 0.25);
	RemoveBuildingForPlayer(playerid, 1408, 2265.2969, -1791.0000, 13.1563, 0.25);
	RemoveBuildingForPlayer(playerid, 1408, 2265.2969, -1796.4531, 13.1563, 0.25);
	RemoveBuildingForPlayer(playerid, 1408, 2265.2969, -1807.3281, 13.1563, 0.25);
	RemoveBuildingForPlayer(playerid, 1408, 2265.2969, -1801.8672, 13.1563, 0.25);
	RemoveBuildingForPlayer(playerid, 1408, 2265.2969, -1770.0469, 13.1563, 0.25);
	RemoveBuildingForPlayer(playerid, 1408, 2265.2969, -1775.5078, 13.1563, 0.25);
	RemoveBuildingForPlayer(playerid, 1408, 2265.2969, -1780.9844, 13.1563, 0.25);
	RemoveBuildingForPlayer(playerid, 620, 2275.3906, -1820.7266, 12.0938, 0.25);
	RemoveBuildingForPlayer(playerid, 1408, 2268.1875, -1810.0313, 13.1563, 0.25);
	RemoveBuildingForPlayer(playerid, 1408, 2273.6953, -1810.0313, 13.1563, 0.25);
	RemoveBuildingForPlayer(playerid, 3584, 2282.9922, -1790.6953, 17.0078, 0.25);
	RemoveBuildingForPlayer(playerid, 1408, 2267.8125, -1767.2734, 13.1563, 0.25);
	RemoveBuildingForPlayer(playerid, 1408, 2273.3359, -1767.3438, 13.1563, 0.25);
	RemoveBuildingForPlayer(playerid, 620, 2271.6484, -1772.3984, 8.3516, 0.25);
	RemoveBuildingForPlayer(playerid, 1307, 2263.5234, -1742.1953, 12.7500, 0.25);
	RemoveBuildingForPlayer(playerid, 645, 2285.7578, -1762.1250, 12.2891, 0.25);
	RemoveBuildingForPlayer(playerid, 1226, 2297.8984, -1793.8203, 16.4219, 0.25);
	RemoveBuildingForPlayer(playerid, 620, 2297.3828, -1798.5391, 8.3516, 0.25);
	RemoveBuildingForPlayer(playerid, 1307, 2293.6250, -1760.6172, 12.7500, 0.25);
	RemoveBuildingForPlayer(playerid, 620, 2297.1484, -1775.8750, 8.3516, 0.25);
	RemoveBuildingForPlayer(playerid, 1408, 2305.0625, -1810.0313, 13.1563, 0.25);
	RemoveBuildingForPlayer(playerid, 1408, 2302.1719, -1807.3281, 13.1563, 0.25);
	RemoveBuildingForPlayer(playerid, 1408, 2302.1719, -1801.8672, 13.1563, 0.25);
	RemoveBuildingForPlayer(playerid, 1408, 2302.1719, -1791.0000, 13.1563, 0.25);
	RemoveBuildingForPlayer(playerid, 1408, 2302.1719, -1796.4531, 13.1563, 0.25);
	RemoveBuildingForPlayer(playerid, 3584, 2314.8203, -1790.6953, 17.0078, 0.25);
	RemoveBuildingForPlayer(playerid, 1408, 2302.1719, -1775.5078, 13.1563, 0.25);
	RemoveBuildingForPlayer(playerid, 1408, 2302.1719, -1770.0469, 13.1563, 0.25);
	RemoveBuildingForPlayer(playerid, 1408, 2302.1719, -1780.9844, 13.1563, 0.25);
	RemoveBuildingForPlayer(playerid, 1408, 2304.7813, -1767.3828, 13.1563, 0.25);
	RemoveBuildingForPlayer(playerid, 1307, 2322.6484, -1815.4141, 12.7500, 0.25);
	RemoveBuildingForPlayer(playerid, 645, 2332.8281, -1817.7109, 12.1172, 0.25);
	RemoveBuildingForPlayer(playerid, 1408, 2341.7578, -1810.0313, 13.1563, 0.25);
	RemoveBuildingForPlayer(playerid, 1408, 2338.8672, -1807.3281, 13.1563, 0.25);
	RemoveBuildingForPlayer(playerid, 620, 2341.7578, -1817.7266, 8.3594, 0.25);
	RemoveBuildingForPlayer(playerid, 1408, 2338.8672, -1801.8672, 13.1563, 0.25);
	RemoveBuildingForPlayer(playerid, 1226, 2335.6484, -1796.6328, 16.4219, 0.25);
	RemoveBuildingForPlayer(playerid, 1408, 2338.8672, -1791.0000, 13.1563, 0.25);
	RemoveBuildingForPlayer(playerid, 1408, 2338.8672, -1796.4531, 13.1563, 0.25);
	RemoveBuildingForPlayer(playerid, 620, 2334.7109, -1785.0625, 12.0938, 0.25);
	RemoveBuildingForPlayer(playerid, 1408, 2338.8672, -1775.5078, 13.1563, 0.25);
	RemoveBuildingForPlayer(playerid, 1408, 2338.8672, -1780.9844, 13.1563, 0.25);
	RemoveBuildingForPlayer(playerid, 17887, 2343.6094, -1784.5078, 20.3125, 0.25);
	RemoveBuildingForPlayer(playerid, 1408, 2338.8672, -1770.0469, 13.1563, 0.25);
	RemoveBuildingForPlayer(playerid, 1408, 2341.3828, -1767.2734, 13.1563, 0.25);
	RemoveBuildingForPlayer(playerid, 669, 2329.1875, -1765.5234, 12.4375, 0.25);
	RemoveBuildingForPlayer(playerid, 673, 2349.6172, -1763.3438, 11.6328, 0.25);
	RemoveBuildingForPlayer(playerid, 1307, 2295.7031, -1742.1953, 12.7500, 0.25);
	RemoveBuildingForPlayer(playerid, 1307, 2331.2656, -1742.4141, 12.7500, 0.25);
	RemoveBuildingForPlayer(playerid, 3584, 2352.7188, -1790.6953, 17.0078, 0.25);
	RemoveBuildingForPlayer(playerid, 620, 2367.6484, -1802.7969, 8.3594, 0.25);
	RemoveBuildingForPlayer(playerid, 1307, 2364.2500, -1742.1172, 12.7500, 0.25);
	RemoveBuildingForPlayer(playerid, 620, 2367.6484, -1780.7734, 11.0469, 0.25);
	RemoveBuildingForPlayer(playerid, 620, 2378.3359, -1818.7266, 8.3594, 0.25);
	RemoveBuildingForPlayer(playerid, 1408, 2374.1016, -1800.4688, 13.1563, 0.25);
	RemoveBuildingForPlayer(playerid, 1408, 2374.1016, -1805.9297, 13.1563, 0.25);
	RemoveBuildingForPlayer(playerid, 1408, 2376.9922, -1813.9297, 13.1563, 0.25);
	RemoveBuildingForPlayer(playerid, 1408, 2374.1016, -1811.3828, 13.1563, 0.25);
	RemoveBuildingForPlayer(playerid, 1408, 2374.1016, -1780.9844, 13.1563, 0.25);
	RemoveBuildingForPlayer(playerid, 1408, 2374.1016, -1789.6016, 13.1563, 0.25);
	RemoveBuildingForPlayer(playerid, 1408, 2374.1016, -1795.0547, 13.1563, 0.25);
	RemoveBuildingForPlayer(playerid, 1408, 2376.6172, -1767.2734, 13.1563, 0.25);
	RemoveBuildingForPlayer(playerid, 1408, 2374.1016, -1770.0469, 13.1563, 0.25);
	RemoveBuildingForPlayer(playerid, 1408, 2374.1016, -1775.5078, 13.1563, 0.25);
	RemoveBuildingForPlayer(playerid, 645, 2399.9766, -1815.9922, 11.8906, 0.25);
	RemoveBuildingForPlayer(playerid, 3584, 2387.8203, -1790.6953, 17.0078, 0.25);
	RemoveBuildingForPlayer(playerid, 673, 2398.5781, -1782.7734, 10.7031, 0.25);
	RemoveBuildingForPlayer(playerid, 645, 2387.0234, -1763.6406, 12.1797, 0.25);
	RemoveBuildingForPlayer(playerid, 1307, 2403.2891, -1741.7422, 12.7500, 0.25);
	RemoveBuildingForPlayer(playerid, 17518, 2361.9375, -1699.9375, 15.9219, 0.25);
	CreateDynamicObject(19599, 2387.04688, -1790.08301, 15.01500,   0.00000, 0.00000, 90.00000);
	CreateDynamicObject(19598, 2387.04858, -1790.08813, 15.01500,   0.00000, 0.00000, 90.00000);
	CreateDynamicObject(19855, 2348.75977, -1784.58557, 12.55650,   0.00000, 0.00000, 90.00000);
	CreateDynamicObject(19854, 2348.74976, -1784.58582, 12.55650,   0.00000, 0.00000, 90.00000);
	CreateDynamicObject(19863, 2366.72046, -1776.08105, 15.07270,   0.00000, 0.00000, 90.00000);
	CreateDynamicObject(19856, 2348.74976, -1784.58582, 12.55650,   0.00000, 0.00000, 90.00000);
	CreateDynamicObject(19857, 2343.92676, -1774.72900, 14.53410,   0.00000, 0.00000, 90.00000);
	CreateDynamicObject(5837, 2376.64014, -1764.64160, 14.19200,   0.00000, 0.00000, 270.00000);
	CreateDynamicObject(5837, 2365.91089, -1764.47253, 14.19200,   0.00000, 0.00000, 90.00000);
	CreateDynamicObject(19912, 2379.87793, -1759.50330, 15.31070,   0.00000, 0.00000, 0.00000);
	CreateDynamicObject(987, 2403.94702, -1759.19043, 12.51710,   0.00000, 0.00000, 270.00000);
	CreateDynamicObject(987, 2391.90674, -1759.14404, 12.52310,   0.00000, 0.00000, 0.00000);
	CreateDynamicObject(987, 2379.92603, -1759.16394, 12.52310,   0.00000, 0.00000, 0.00000);
	CreateDynamicObject(987, 2356.36987, -1759.16394, 12.52310,   0.00000, 0.00000, 0.00000);
	CreateDynamicObject(987, 2344.41797, -1759.16394, 12.52310,   0.00000, 0.00000, 0.00000);
	CreateDynamicObject(987, 2338.40991, -1759.16394, 12.52310,   0.00000, 0.00000, 0.00000);
	CreateDynamicObject(987, 2338.36304, -1771.19031, 12.51710,   0.00000, 0.00000, 90.00000);
	CreateDynamicObject(987, 2338.36304, -1783.12830, 12.51710,   0.00000, 0.00000, 90.00000);
	CreateDynamicObject(987, 2338.36304, -1795.05725, 12.51710,   0.00000, 0.00000, 90.00000);
	CreateDynamicObject(987, 2338.36304, -1806.98633, 12.51710,   0.00000, 0.00000, 90.00000);
	CreateDynamicObject(987, 2338.36304, -1818.91528, 12.51710,   0.00000, 0.00000, 90.00000);
	CreateDynamicObject(987, 2350.41797, -1818.96692, 12.52310,   0.00000, 0.00000, 180.00000);
	CreateDynamicObject(987, 2362.34692, -1818.96692, 12.52310,   0.00000, 0.00000, 180.00000);
	CreateDynamicObject(987, 2374.27588, -1818.96692, 12.52310,   0.00000, 0.00000, 180.00000);
	CreateDynamicObject(987, 2386.20483, -1818.96692, 12.52310,   0.00000, 0.00000, 180.00000);
	CreateDynamicObject(987, 2398.13379, -1818.96692, 12.52310,   0.00000, 0.00000, 180.00000);
	CreateDynamicObject(987, 2403.94702, -1771.11938, 12.51710,   0.00000, 0.00000, 270.00000);
	CreateDynamicObject(987, 2403.94702, -1783.04834, 12.51710,   0.00000, 0.00000, 270.00000);
	CreateDynamicObject(987, 2403.94702, -1794.97742, 12.51710,   0.00000, 0.00000, 270.00000);
	CreateDynamicObject(987, 2403.94702, -1806.90637, 12.51710,   0.00000, 0.00000, 270.00000);
	CreateDynamicObject(987, 2404.13770, -1818.96692, 12.52310,   0.00000, 0.00000, 180.00000);
	CreateDynamicObject(19786, 2348.69946, -1780.43274, 15.96910,   0.00000, 0.00000, 0.00000);
	CreateDynamicObject(2090, 2348.76978, -1785.43115, 13.20770,   0.00000, 0.00000, 180.00000);
	CreateDynamicObject(1742, 2344.18237, -1788.36926, 13.25570,   0.00000, 0.00000, 90.00000);
	CreateDynamicObject(2205, 2344.81323, -1785.34241, 13.25570,   0.00000, 0.00000, 90.00000);
	CreateDynamicObject(19893, 2344.85938, -1784.68591, 14.18790,   0.00000, 0.00000, 90.00000);
	CreateDynamicObject(11706, 2344.86816, -1783.02258, 13.25570,   0.00000, 0.00000, 90.00000);
	CreateDynamicObject(2738, 2348.33374, -1779.87646, 13.82610,   0.00000, 0.00000, 180.00000);
	CreateDynamicObject(2517, 2343.93091, -1779.61597, 13.22610,   0.00000, 0.00000, 270.00000);
	CreateDynamicObject(2523, 2349.20239, -1777.00781, 13.26380,   0.00000, 0.00000, 0.00000);
	CreateDynamicObject(1738, 2344.78857, -1797.28284, 13.90380,   0.00000, 0.00000, 0.00000);
	CreateDynamicObject(2417, 2344.54248, -1789.68408, 13.27350,   0.00000, 0.00000, 90.00000);
	CreateDynamicObject(2339, 2344.73926, -1790.75073, 13.25830,   0.00000, 0.00000, 90.00000);
	CreateDynamicObject(1808, 2344.65381, -1791.64722, 13.25060,   0.00000, 0.00000, 90.00000);
	CreateDynamicObject(1594, 2347.20532, -1794.64160, 13.74500,   0.00000, 0.00000, 0.00000);
	CreateDynamicObject(1594, 2349.95703, -1795.42249, 13.74500,   0.00000, 0.00000, 0.00000);
	CreateDynamicObject(1594, 2351.15063, -1793.01038, 13.74500,   0.00000, 0.00000, 0.00000);
	CreateDynamicObject(1728, 2364.17065, -1793.88940, 13.27640,   0.00000, 0.00000, 180.00000);
	CreateDynamicObject(19787, 2363.07983, -1789.07495, 15.40380,   0.00000, 0.00000, 0.00000);
	CreateDynamicObject(1728, 2360.20874, -1792.50745, 13.27640,   0.00000, 0.00000, 90.00000);
	CreateDynamicObject(1728, 2365.55420, -1790.71252, 13.27640,   0.00000, 0.00000, -90.00000);
	CreateDynamicObject(2126, 2362.54834, -1791.81897, 13.25320,   0.00000, 0.00000, 0.00000);
	CreateDynamicObject(1502, 2353.55713, -1791.05212, 13.27860,   0.00000, 0.00000, 90.00000);
	CreateDynamicObject(1502, 2353.55713, -1782.53613, 13.27860,   0.00000, 0.00000, 90.00000);
	CreateDynamicObject(1502, 2353.55713, -1779.95410, 13.27860,   0.00000, 0.00000, 90.00000);
	CreateDynamicObject(1502, 2359.22314, -1780.44409, 13.27860,   0.00000, 0.00000, 90.00000);
	CreateDynamicObject(1502, 2359.37622, -1785.92505, 13.27860,   0.00000, 0.00000, 90.00000);
	CreateDynamicObject(19815, 2359.29224, -1774.25586, 14.04910,   0.00000, 0.00000, 90.00000);
	CreateDynamicObject(19899, 2359.74927, -1777.35693, 12.53310,   0.00000, 0.00000, 0.00000);
	CreateDynamicObject(936, 2359.93750, -1774.37659, 13.02090,   0.00000, 0.00000, 90.00000);
	CreateDynamicObject(2957, 2382.49390, -1787.78735, 14.19640,   0.00000, 0.00000, 90.00000);
	CreateDynamicObject(2957, 2382.49390, -1782.47742, 14.19640,   0.00000, 0.00000, 90.00000);
	CreateDynamicObject(714, 2388.07886, -1808.27588, 10.91680,   0.00000, 0.00000, 0.00000);
	CreateDynamicObject(669, 2351.40552, -1806.61890, 12.89844,   3.14159, -0.03491, -3.14159);
	CreateDynamicObject(3651, 2290.26855, -1771.00696, 15.38670,   0.00000, 0.00000, 180.00000);
	CreateDynamicObject(3655, 2317.72266, -1777.25244, 15.37480,   0.00000, 0.00000, 90.00000);
	CreateDynamicObject(3655, 2271.38330, -1814.88464, 15.44000,   0.00000, 0.00000, -90.00000);
	CreateDynamicObject(10847, 2247.87061, -1801.62219, 18.97210,   0.00000, 0.00000, -180.00000);
	CreateDynamicObject(3517, 2330.93530, -1820.35828, 23.41990,   0.00000, 0.00000, 0.00000);
	CreateDynamicObject(3517, 2319.70923, -1823.58044, 23.41990,   0.00000, 0.00000, 0.00000);
	CreateDynamicObject(3517, 2324.24609, -1817.06616, 23.41990,   0.00000, 0.00000, 0.00000);
	CreateDynamicObject(671, 2329.47168, -1802.98560, 12.63090,   356.85840, 0.00000, 3.14160);
	CreateDynamicObject(673, 2289.52197, -1828.98608, 12.63090,   356.85840, 0.00000, 3.14160);
	CreateDynamicObject(673, 2272.03003, -1831.51721, 12.63090,   356.85840, 0.00000, 3.14160);
	CreateDynamicObject(673, 2252.80884, -1834.45044, 12.63090,   356.85840, 0.00000, 3.14160);
	CreateDynamicObject(673, 2235.08838, -1836.57434, 12.63090,   356.85840, 0.00000, 3.14160);
	CreateDynamicObject(4100, 2326.25708, -1759.62122, 15.13190,   0.00000, 0.00000, -40.00000);
	CreateDynamicObject(4100, 2312.53198, -1759.58618, 15.13190,   0.00000, 0.00000, -40.00000);
	CreateDynamicObject(4100, 2287.80908, -1759.58618, 15.13190,   0.00000, 0.00000, -40.00000);
	CreateDynamicObject(4100, 2274.94189, -1759.58618, 15.13190,   0.00000, 0.00000, -40.00000);
	CreateDynamicObject(4100, 2250.34399, -1759.58618, 15.13190,   0.00000, 0.00000, -40.00000);
	CreateDynamicObject(4100, 2238.65771, -1759.58618, 15.13190,   0.00000, 0.00000, -40.00000);
	CreateDynamicObject(19869, 2231.40649, -1762.15796, 12.54600,   0.00000, 0.00000, 90.00000);
	CreateDynamicObject(19869, 2231.40649, -1767.32605, 12.54600,   0.00000, 0.00000, 90.00000);
	CreateDynamicObject(19869, 2231.40649, -1772.49402, 12.54600,   0.00000, 0.00000, 90.00000);
	CreateDynamicObject(19869, 2231.40649, -1777.66199, 12.54600,   0.00000, 0.00000, 90.00000);
	CreateDynamicObject(19869, 2229.59741, -1782.15356, 12.54600,   0.00000, 0.00000, -135.00000);
	CreateDynamicObject(19869, 2229.59741, -1788.92957, 12.54600,   0.00000, 0.00000, 135.00000);
	CreateDynamicObject(19869, 2231.40649, -1793.37000, 12.54600,   0.00000, 0.00000, 90.00000);
	CreateDynamicObject(19869, 2231.40649, -1798.54395, 12.54600,   0.00000, 0.00000, 90.00000);
	CreateDynamicObject(19869, 2231.40649, -1803.73792, 12.54600,   0.00000, 0.00000, 90.00000);
	CreateDynamicObject(19869, 2231.40649, -1808.93188, 12.54600,   0.00000, 0.00000, 90.00000);
	CreateDynamicObject(18762, 2231.92188, -1811.94885, 13.06150,   0.00000, 90.00000, 90.00000);
	CreateDynamicObject(18765, 2236.99878, -1764.94312, 10.06690,   0.00000, 0.00000, 0.00000);
	CreateDynamicObject(18765, 2236.99658, -1774.92322, 10.06690,   0.00000, 0.00000, 0.00000);
	CreateDynamicObject(18765, 2246.99878, -1764.94312, 10.06690,   0.00000, 0.00000, 0.00000);
	CreateDynamicObject(18765, 2246.99023, -1774.90515, 10.06690,   0.00000, 0.00000, 0.00000);
	CreateDynamicObject(19467, 2259.15991, -1759.60754, 11.96510,   -54.97800, 180.00000, 0.00000);
	CreateDynamicObject(19467, 2265.57178, -1759.60754, 11.96510,   -54.97800, 180.00000, 0.00000);
	CreateDynamicObject(8041, 2262.41357, -1758.33643, 18.18060,   0.00000, 0.00000, 90.00000);
	CreateDynamicObject(18765, 2262.34180, -1764.87512, 10.07110,   0.00000, 0.00000, 0.00000);
	CreateDynamicObject(18765, 2254.84521, -1764.87512, 7.57210,   0.00000, 90.00000, 0.00000);
	CreateDynamicObject(19467, 2252.17822, -1762.12988, 11.98510,   -54.97800, 180.00000, 90.00000);
	CreateDynamicObject(19467, 2252.17822, -1766.40088, 11.98510,   -54.97800, 180.00000, 90.00000);
	CreateDynamicObject(4641, 2252.14429, -1770.27905, 13.41630,   0.00000, 0.00000, 90.00000);
	CreateDynamicObject(3578, 2267.07349, -1759.49060, 11.76950,   0.00000, 0.00000, 90.00000);
	CreateDynamicObject(3578, 2263.43555, -1759.49060, 11.76950,   0.00000, 0.00000, 90.00000);
	CreateDynamicObject(19467, 2262.37573, -1759.60754, 11.96710,   -54.97800, 180.00000, 0.00000);
	CreateDynamicObject(3578, 2261.30542, -1759.49060, 11.76950,   0.00000, 0.00000, 90.00000);
	CreateDynamicObject(3578, 2257.59351, -1759.49060, 11.76950,   0.00000, 0.00000, 90.00000);
	CreateDynamicObject(19126, 2262.30444, -1760.71545, 13.02700,   0.00000, 0.00000, 0.00000);
	CreateDynamicObject(19126, 2262.30444, -1762.26245, 13.02700,   0.00000, 0.00000, 0.00000);
	CreateDynamicObject(19126, 2261.93896, -1763.94360, 13.02700,   0.00000, 0.00000, 0.00000);
	CreateDynamicObject(19126, 2260.90332, -1765.11914, 13.02700,   0.00000, 0.00000, 0.00000);
	CreateDynamicObject(19126, 2259.25732, -1765.16760, 13.02700,   0.00000, 0.00000, 0.00000);
	CreateDynamicObject(19126, 2257.46680, -1765.16760, 13.02700,   0.00000, 0.00000, 0.00000);
	CreateDynamicObject(3005, 2259.37695, -1797.91028, 12.55410,   0.00000, 0.00000, 0.00000);
	CreateDynamicObject(1334, 2242.49951, -1792.00964, 13.32640,   0.00000, 0.00000, 0.00000);
	CreateDynamicObject(1334, 2247.39551, -1792.00964, 13.32640,   0.00000, 0.00000, 0.00000);
	CreateDynamicObject(19355, 2233.61011, -1776.67004, 10.82250,   0.00000, 0.00000, 90.00000);
	CreateDynamicObject(19355, 2233.61011, -1773.33801, 10.82250,   0.00000, 0.00000, 90.00000);
	CreateDynamicObject(19355, 2233.61011, -1769.90796, 10.82250,   0.00000, 0.00000, 90.00000);
	CreateDynamicObject(19355, 2233.61011, -1766.67395, 10.82250,   0.00000, 0.00000, 90.00000);
	CreateDynamicObject(19355, 2233.61011, -1763.04797, 10.82250,   0.00000, 0.00000, 90.00000);
	CreateDynamicObject(19355, 2250.36816, -1776.67004, 10.82250,   0.00000, 0.00000, 90.00000);
	CreateDynamicObject(19355, 2250.36816, -1773.33801, 10.82250,   0.00000, 0.00000, 90.00000);
	CreateDynamicObject(19355, 2241.74414, -1776.67004, 10.82250,   0.00000, 0.00000, 90.00000);
	CreateDynamicObject(19355, 2241.74414, -1773.33801, 10.82250,   0.00000, 0.00000, 90.00000);
	CreateDynamicObject(19355, 2241.74414, -1769.90796, 10.82250,   0.00000, 0.00000, 90.00000);
	CreateDynamicObject(19355, 2241.74414, -1766.67395, 10.82250,   0.00000, 0.00000, 90.00000);
	CreateDynamicObject(19126, 2253.81421, -1769.76453, 13.02700,   0.00000, 0.00000, 0.00000);
	CreateDynamicObject(19126, 2255.98071, -1769.76453, 13.02700,   0.00000, 0.00000, 0.00000);
	CreateDynamicObject(19126, 2258.52710, -1769.76453, 13.02700,   0.00000, 0.00000, 0.00000);
	CreateDynamicObject(19126, 2261.03223, -1769.76453, 13.02700,   0.00000, 0.00000, 0.00000);
	CreateDynamicObject(19126, 2263.25610, -1769.76453, 13.02700,   0.00000, 0.00000, 0.00000);
	CreateDynamicObject(19126, 2265.61255, -1769.76453, 13.02700,   0.00000, 0.00000, 0.00000);
	CreateDynamicObject(19126, 2267.17578, -1768.60876, 13.02700,   0.00000, 0.00000, 0.00000);
	CreateDynamicObject(19126, 2267.17578, -1766.50684, 13.02700,   0.00000, 0.00000, 0.00000);
	CreateDynamicObject(19126, 2267.17578, -1764.40466, 13.02700,   0.00000, 0.00000, 0.00000);
	CreateDynamicObject(19126, 2267.17578, -1762.09497, 13.02700,   0.00000, 0.00000, 0.00000);
	CreateDynamicObject(19126, 2267.17578, -1760.02271, 13.02700,   0.00000, 0.00000, 0.00000);
	CreateDynamicObject(856, 2283.39380, -1820.01343, 12.76160,   0.00000, 0.00000, 0.00000);
	CreateDynamicObject(19839, 2272.46851, -1815.93140, 12.53370,   0.00000, 0.00000, 0.00000);
	CreateDynamicObject(19839, 2274.33057, -1818.24048, 12.53370,   0.00000, 0.00000, 0.00000);
	CreateDynamicObject(19839, 2272.15723, -1823.79688, 12.53370,   0.00000, 0.00000, 0.00000);
	CreateDynamicObject(19839, 2275.98682, -1829.50940, 12.53370,   0.00000, 0.00000, 0.00000);
	CreateDynamicObject(19839, 2284.47192, -1816.35547, 12.53370,   0.00000, 0.00000, 0.00000);
	CreateDynamicObject(19839, 2282.45264, -1818.89819, 12.53370,   0.00000, 0.00000, 0.00000);
	CreateDynamicObject(19839, 2288.87036, -1829.12805, 12.53370,   0.00000, 0.00000, 0.00000);
	CreateDynamicObject(19869, 2251.98462, -1774.67346, 12.53000,   0.00000, 0.00000, 90.00000);
	CreateDynamicObject(19869, 2251.98462, -1777.27356, 12.53000,   0.00000, 0.00000, 90.00000);
	CreateDynamicObject(19869, 2249.45483, -1779.87024, 12.53000,   0.00000, 0.00000, 0.00000);
	CreateDynamicObject(19869, 2244.18066, -1779.87024, 12.53000,   0.00000, 0.00000, 0.00000);
	CreateDynamicObject(19869, 2234.63647, -1779.87024, 12.53000,   0.00000, 0.00000, 0.00000);
	CreateDynamicObject(19869, 2239.38379, -1779.87024, 12.53000,   0.00000, 0.00000, 0.00000);
	CreateDynamicObject(19126, 2227.60400, -1786.93896, 13.02700,   0.00000, 0.00000, 0.00000);
	CreateDynamicObject(19126, 2227.60400, -1784.17712, 13.02700,   0.00000, 0.00000, 0.00000);
	CreateDynamicObject(19126, 2227.60400, -1785.55493, 13.02700,   0.00000, 0.00000, 0.00000);
	CreateDynamicObject(19126, 2299.61621, -1759.40881, 13.02700,   0.00000, 0.00000, 0.00000);
	CreateDynamicObject(19126, 2302.14136, -1759.40881, 13.02700,   0.00000, 0.00000, 0.00000);
	CreateDynamicObject(19126, 2297.09595, -1759.40881, 13.02700,   0.00000, 0.00000, 0.00000);
	CreateDynamicObject(1280, 2255.67065, -1834.06982, 12.80250,   0.00000, 0.00000, -80.60800);
	CreateDynamicObject(1280, 2249.81885, -1834.99036, 12.80250,   0.00000, 0.00000, -80.60800);
	CreateDynamicObject(1280, 2237.93018, -1836.30066, 12.80250,   0.00000, 0.00000, -80.60800);
	CreateDynamicObject(1280, 2232.21191, -1837.16760, 12.80250,   0.00000, 0.00000, -80.60800);
	CreateDynamicObject(16335, 2262.75977, -1828.05554, -42.79670,   0.00000, 0.00000, -30.00000);
	CreateDynamicObject(712, 2331.99463, -1761.14124, 21.89210,   356.85840, 0.00000, 3.14160);
	CreateDynamicObject(712, 2320.81982, -1761.14124, 21.89210,   356.85840, 0.00000, 3.14160);
	CreateDynamicObject(712, 2310.36426, -1761.14124, 21.89210,   356.85840, 0.00000, 3.14160);
	CreateDynamicObject(712, 2288.62134, -1761.14124, 21.89210,   356.85840, 0.00000, 3.14160);
	CreateDynamicObject(712, 2277.18311, -1761.14124, 21.89210,   356.85840, 0.00000, 3.14160);
	CreateDynamicObject(19838, 2273.81274, -1829.24963, 12.53990,   0.00000, 0.00000, 0.00000);
	CreateDynamicObject(19126, 2334.79761, -1759.40881, 13.02700,   0.00000, 0.00000, 0.00000);
	CreateDynamicObject(19126, 2338.10620, -1759.40881, 13.02700,   0.00000, 0.00000, 0.00000);
	CreateDynamicObject(19126, 2336.45996, -1759.40881, 13.02700,   0.00000, 0.00000, 0.00000);
	CreateDynamicObject(922, 2236.42285, -1794.89868, 13.41310,   0.00000, 0.00000, 0.00000);
	CreateDynamicObject(922, 2236.42480, -1796.45081, 13.41310,   0.00000, 0.00000, 5.00000);
	CreateDynamicObject(922, 2236.48218, -1799.26306, 13.41310,   0.00000, 0.00000, 39.00000);
	CreateDynamicObject(1558, 2241.81348, -1812.29504, 13.11390,   0.00000, 0.00000, 0.00000);
	CreateDynamicObject(14449, 2306.85425, -1776.24365, 12.83600,   0.00000, 0.00000, 0.00000);
	CreateDynamicObject(18236, 2274.63794, -1789.48828, 12.40240,   0.00000, 0.00000, -90.00000);
	CreateDynamicObject(18066, 2278.81519, -1786.97473, 14.75110,   0.00000, 0.00000, -180.00000);
	CreateDynamicObject(832, 2256.15747, -1775.40576, 14.21550,   0.00000, 0.00000, 0.00000);
	CreateDynamicObject(837, 2284.30908, -1789.78320, 12.98350,   0.00000, 0.00000, -90.00000);
	CreateDynamicObject(737, 2266.01367, -1783.34814, 12.95510,   0.00000, 0.00000, 0.00000);
	CreateDynamicObject(737, 2266.01367, -1770.52209, 12.95510,   0.00000, 0.00000, 0.00000);
	CreateDynamicObject(640, 2384.98096, -1791.93994, 13.22640,   0.00000, 0.00000, 90.00000);
	CreateDynamicObject(640, 2392.01709, -1791.93994, 13.22640,   0.00000, 0.00000, 90.00000);
	CreateDynamicObject(12940, 2298.61987, -1809.97375, 16.36970,   0.00000, 0.00000, 90.00000);
	CreateDynamicObject(1334, 2299.56323, -1808.94690, 13.32640,   0.00000, 0.00000, 0.00000);
	CreateDynamicObject(1281, 2296.14160, -1798.42041, 13.34630,   0.00000, 0.00000, 0.00000);
	CreateDynamicObject(1281, 2303.00952, -1798.42041, 13.34630,   0.00000, 0.00000, 0.00000);
	CreateDynamicObject(19126, 2303.94336, -1759.40881, 13.02700,   0.00000, 0.00000, 0.00000);
	CreateDynamicObject(19126, 2295.59180, -1759.40881, 13.02700,   0.00000, 0.00000, 0.00000);
	CreateDynamicObject(2593, 2344.51343, -1772.12573, 14.11600,   0.00000, 0.00000, 0.00000);
	CreateDynamicObject(11707, 2347.16919, -1780.29492, 14.32200,   0.00000, 0.00000, 180.00000);
	CreateDynamicObject(2519, 2344.71387, -1778.31653, 13.27690,   0.00000, 0.00000, 90.00000);
	CreateDynamicObject(19873, 2349.02295, -1780.19336, 13.33840,   0.00000, 0.00000, 0.00000);
	CreateDynamicObject(19173, 2359.14551, -1782.43677, 14.76090,   0.00000, 0.00000, 90.00000);
	CreateDynamicObject(19172, 2356.31812, -1776.52014, 16.72680,   0.00000, 0.00000, 0.00000);
	CreateDynamicObject(1661, 2356.29834, -1788.92065, 17.37180,   0.00000, 0.00000, 0.00000);
	CreateDynamicObject(1659, 2356.29834, -1788.92065, 17.37180,   0.00000, 0.00000, 0.00000);
	CreateDynamicObject(19899, 2386.30786, -1779.36951, 12.53970,   0.00000, 0.00000, -90.00000);
	CreateDynamicObject(19815, 2389.67798, -1785.81067, 13.95610,   0.00000, 0.00000, -90.00000);
	CreateDynamicObject(936, 2389.10010, -1785.81067, 12.93610,   0.00000, 0.00000, -90.00000);
	CreateDynamicObject(1502, 2389.53979, -1778.73755, 12.56460,   0.00000, 0.00000, 180.00000);
	CreateDynamicObject(2565, 2384.43970, -1775.41504, 16.39080,   0.00000, 0.00000, 0.00000);
	CreateDynamicObject(2565, 2389.34570, -1775.41309, 16.39080,   0.00000, 0.00000, 0.00000);
	CreateDynamicObject(1742, 2382.48413, -1790.58936, 15.95310,   0.00000, 0.00000, 90.00000);
	CreateDynamicObject(2078, 2390.39014, -1789.41541, 12.51540,   0.00000, 0.00000, 90.00000);
	CreateDynamicObject(19172, 2389.82007, -1781.22144, 14.43810,   0.00000, 0.00000, 90.00000);
	CreateDynamicObject(19786, 2381.47925, -1774.29443, 14.40690,   0.00000, 0.00000, 90.00000);
	CreateDynamicObject(1760, 2384.97021, -1773.41309, 12.51410,   0.00000, 0.00000, -90.00000);
	CreateDynamicObject(1817, 2383.37158, -1774.85791, 12.53010,   0.00000, 0.00000, 90.00000);
	CreateDynamicObject(1432, 2392.79248, -1773.59985, 12.55240,   0.00000, 0.00000, 0.00000);
	CreateDynamicObject(19933, 2394.19824, -1777.85718, 12.99550,   0.00000, 0.00000, 0.00000);
	CreateDynamicObject(2136, 2393.96167, -1776.02576, 12.41650,   0.00000, 0.00000, -90.00000);
	CreateDynamicObject(18066, 2265.63062, -1789.48425, 15.37010,   0.00000, 0.00000, -90.00000);